% nonlinear oscillator
%
% time (sec)       theta (rad)
  0.00000000      -0.17374786
  0.01871246      -0.09583324
  0.73871836       0.27317633
  2.75820177       0.19150117
  4.81004439       0.29701032
  6.89030314       0.87807053
  8.92429235      -0.32091381
 10.93226489      -0.35590173
 12.92998979       1.13841327
 14.89935298      -0.35281268
 16.86061332      -0.32002211
 18.84598322       0.07052228
 20.83354086       0.28228063
 22.78650326      -0.19052426
 24.73959179       0.47801291
 26.72522909      -0.47194754
 28.70773169      -0.64527343
 30.66152466      -0.07306476
 32.61429058       0.24198707
 34.59708172      -1.12865937
 36.58290825      -1.23551231
 38.53405367       0.17038691
 40.48611400      -0.70624745
 42.47145396       0.64208146
 44.45374515       0.46093835
 46.40731562      -0.35621261
 48.35995822      -0.67765380
 50.34270818       0.25848270
 52.32850225      -0.23921055
 54.27961957       0.81829094
 56.23166210       0.17179809
 58.21699024       0.13695324
 60.19927393       0.50544247
 62.15283646       0.54289530
 64.10547338      -0.16752895
 66.08821783      -0.09215366
 68.07400340       0.06982653
 70.02511794      -0.52516204
 71.97715698       0.13350699
 73.96247736      -0.11248332
 75.94475644       0.13257745
 77.89831407      -0.85032979
 79.85094698      -0.80560651
 81.83368643       0.11015116
 83.81946386      -0.30989275
 85.77057598       0.55057679
 87.72261174       0.81152903
 89.70792441      -0.53455332
 91.69019894      -0.80521161
 93.64375172       0.12761988
 95.59638064       0.04774950
 97.57911510      -0.67065152
 99.56488440       0.13709984
101.51599411       0.09441196
103.46802660       0.51829796
105.45333158      -0.21414060
107.43560155      -0.03463740
109.38914949      -0.30941421
111.34177443      -0.18320213
113.32450391       0.26168380
115.31026509      -0.37954768
117.26137240      -0.03543559
119.21340160       0.06981613
121.19869890       0.22456932
123.18096433      -0.23732489
125.13450743       0.57102111
127.08712840      -0.02321424
129.06985290       0.64980793
131.05560597       0.77848709
133.00671087       0.42683750
134.95873681      -0.53761351
136.94402643      -0.57071670
138.92628732       0.13774774
140.87982558      -0.29097509
142.83244258       0.19942590
144.81516211       0.30496732
146.80090708       0.40476317
148.75200958       0.67561645
150.70403225       0.43992032
152.68931421      -0.05658076
154.67157056      -0.87217125
156.62510400      -0.29139700
158.57771703      -0.41301875
160.56043160      -0.48620612
162.54616847      -0.07381109
164.49726857       0.48604542
166.44928799      -0.35102022
168.43456228       0.17206563
170.41681410      -0.08023394
172.37034271       0.08675134
174.32295179      -0.43035314
176.30566140      -0.52729915
178.29139019      -0.06609140
180.24248789       0.09083875
182.19450405       0.20496492
184.17977070      -0.33303136
186.16201799      -0.31586490
188.11554178      -0.06181723
190.06814691       0.18453657
192.05085156      -0.22452869
194.03657228      -0.44993942
195.98766758      -0.12771784
197.93968048       0.50308229
199.92493949      -0.15555651
201.90718226       0.02271811
203.86070125      -0.49389428
205.81330242      -0.28987961
207.79600212       0.80438874
209.78171478       0.70094663
211.73280769       0.06745595
213.68481734      -0.20332422
215.67006872      -0.42414331
217.65230698      -0.60489971
219.60582115       0.50140471
221.55841838      -0.25877268
223.54111313       0.13414841
225.52681774       0.21332579
227.47790826       0.44881376
229.42991466       0.18084342
231.41515842      -0.66844206
233.39739217       0.21640445
235.35090154       0.67593306
237.30349482      -0.65661644
239.28618464       0.44418987
241.27188120       0.50641180
243.22296934       0.25855306
245.17497250       1.12409982
247.16020864       0.23038549
249.14243788      -0.62997286
251.09594246       0.43298167
253.04853180       0.42248141
255.03121669      -0.46506986
257.01690521       0.13039627
258.96799097      -0.11757637
260.91999089      -0.27051352
262.90521942      -0.41974623
264.88744416       0.53986389
266.84094395      -0.37494469
268.79352936      -0.39259316
270.77620932      -0.27164404
272.76188981      -0.42987970
274.71297319      -0.01471655
276.66496987       0.33872322
278.65019081       0.13114050
280.63241106       0.36725970
282.58590606      -0.17709985
284.53848754       0.33642435
286.52116258      -0.32516666
288.50683506       0.15594376
290.45791606      -0.02021485
292.40990950      -0.10848239
294.39512286       0.06233528
296.37733861      -0.71646364
298.33082884       0.16900997
300.28340639      -0.15397772
302.26607652       0.06898307
304.25174098      -0.15020420
306.20281960      -0.09664333
308.15480982       0.43955792
310.14001560      -0.49421267
312.12222687       0.31379794
314.07571232      -0.85301978
316.02828595       0.31197093
318.01095117      -0.45464277
319.99660763       0.37624117
321.94768388      -0.14449960
323.89967087       0.02305040
325.88486908      -0.04001369
327.86707587       0.55474755
329.82055655       0.21267306
331.77312627       0.54487042
333.75578658       0.20736332
335.74143505      -0.24384301
337.69250894      -0.89724042
339.64449270       0.65202527
341.62968335       0.43932920
343.61188566       0.60076318
345.56536158      -0.13641243
347.51792739       0.00548153
349.50058280      -0.53666188
351.48622329       0.43947758
353.43729481      -0.14272739
355.38927536       0.24500585
357.37445845      -0.60862829
359.35665629       0.47824309
361.31012745       0.00786913
363.26268935      -0.30258488
365.24533987      -0.45496149
367.23097239      -0.30240021
369.18204154       0.86334719
371.13401887      -0.34154390
373.11919442      -0.28530473
375.10138780       0.24643661
377.05485421       0.27578137
379.00741221      -0.20530540
380.99005784       0.09561007
382.97568239       0.12910722
384.92674918      -0.05201390
386.87872330      -0.14478281
388.86389131      -0.24223837
390.84608024       0.19930156
392.79954189      -0.23443684
394.75209599       0.11817792
396.73473674      -0.03881165
398.72035334       0.40337329
400.67141777       0.04679214
402.62338868       0.28319745
404.60854916      -0.06283742
406.59073364       0.70128561
408.54419055       0.14503107
410.49674076       0.42286662
412.47937663      -0.12474284
414.46498528       0.48441838
416.41604735      -0.26380219
418.36801506      -0.31884113
420.35316803      -0.49096576
422.33534805       0.52926772
424.28880022       0.09388279
426.24134654      -0.20077813
428.22397755      -0.31113883
430.20957826      -0.53812661
432.16063798      -0.50520823
434.11260248       0.29813388
436.09774794      -0.88102199
438.07992352       0.32295414
440.03337096       0.27323265
441.98591340       0.36660495
443.96853953      -0.02157496
445.95413232       0.08295181
447.90518968      -0.48303173
449.85715099      -0.01069051
451.84228895      -0.51492814
453.82446009       0.32570993
455.77790280       0.66655579
457.73044136      -0.40568645
459.71306263       0.36528564
461.69864750      -0.29804181
463.64970252      -0.37156123
465.60166063       1.48365726
467.58679109      -0.31937661
469.56895780      -0.78263027
471.52239579       0.67947222
473.47493047       0.99062697
475.45754689      -0.15760100
477.44312385       0.29320492
479.39417652       0.02090159
481.34613144      -0.00724100
483.33125442      -0.01825779
485.31341670       0.27812771
487.26684997       0.15777441
489.21938079       0.05269759
491.20199236      -0.02861936
493.18756141      -0.05064179
495.13861174       0.11258538
497.09056347      -0.13310447
499.07567898      -0.41072159
501.05783683      -0.21114913
503.01126539       0.48759911
504.96379234       0.09602079
506.94639907      -0.25192376
508.93196023      -0.34576044
510.88300822       0.02535053
512.83495677       0.03400741
514.82006480      -0.68596639
516.80221824      -0.14985295
518.75564210       0.42426384
520.70816518       0.32768548
522.69076707      -0.15308632
524.67632035      -0.24509258
526.62736600       0.50229386
528.57931136      -0.16777974
530.56441194       0.91116194
532.54656097      -0.00840864
534.49998012       0.48345813
536.45249935       0.10067799
538.43509640      -0.28909046
540.42064181      -0.03420844
542.37168513       0.12023834
544.32362731      -0.19904412
546.30872044       0.13435777
548.29086506       0.07992724
550.24427951       0.37575437
552.19679489      -0.01114883
554.17938711      -0.02902564
556.16492466      -0.00001295
558.11596564       0.50266926
560.06790465       0.01069730
562.05299034      -0.27945431
564.03513055       0.42455583
565.98854032       0.37458072
567.94105184       0.00985449
569.92363925      -0.22322291
571.90916894       0.27865662
573.86020759       0.32524952
575.81214343       0.21049435
577.79722168       0.05466270
579.77935750       0.55860738
581.73276258       0.77830463
583.68527026       0.22828218
585.66785285      -0.53878296
587.65337469      -0.00628221
589.60441101      -0.55737207
591.55634368      -0.18031465
593.54141452      -0.51343559
595.52354594       0.21915497
597.47694634       0.04549347
599.42945017      -0.07798352
601.41202795      -0.08245435
603.39754195       0.14920668
605.34857595       0.13349786
607.30050546       0.09636764
609.28556888      -0.45165528
611.26769591       0.10308859
613.22109164      -0.48831340
615.17359164      -0.23557423
617.15616461       0.72818109
619.14167078      -0.18874619
621.09270246      -0.74809370
623.04462881       0.12349681
625.02968482      -0.15596825
627.01180747      -0.73422116
628.96519852       0.18139044
630.91769469      -0.41002534
632.90026286      -1.05240270
634.88576121      -0.39961009
636.83679057      -0.36066626
638.78871376      -0.06654355
640.77376237      -0.39843313
642.75588065       0.25735039
644.70926703       0.31491588
646.66175938      -0.22227673
648.64432275       0.37962564
650.62981329      -0.20004616
652.58084033      -0.12945484
654.53276037       0.27644734
656.51780159       0.02296343
658.49991549      -0.38976717
660.45329722      -0.01666736
662.40578574       0.30522521
664.38834433      -0.07097973
666.37382706       0.20835648
668.32485179      -0.44251980
670.27676868      -0.27809824
672.26180252       0.57026774
674.24391204       0.69727808
676.19728912       0.37462456
678.14977382      -0.30172966
680.13232762      -0.13722777
682.11780256      -0.85039870
684.06882498      -0.52370527
686.02073872       0.86490001
688.00576519       0.22487159
689.98787035       0.18987079
691.94124277      -0.50290418
693.89372366      -0.37074955
695.87627269      -0.05913174
697.86173984       0.46526599
699.81275995      -0.00475910
701.76467054      -0.52861303
703.74968965       0.09363132
705.73179045       0.50674719
707.68515823       0.18851667
709.63763531       0.25874206
711.62017956       0.71106085
713.60563894       0.23958488
715.55665674      -0.31588957
717.50856420      -0.30930773
719.49357594       0.44900130
721.47567240      -0.05398080
723.42903553      -0.61436734
725.38150881      -0.27447419
727.36404829      -1.04640211
729.34949990      -0.41428585
731.30051540       0.22398698
733.25241971       0.30976993
735.23742411      -0.84874289
737.21951622      -0.13364667
739.17287472      -0.46797458
741.12534419       0.53319086
743.10787891       0.26302103
745.09332277       0.41816449
747.04433596       0.00847512
748.99623714      -0.19246029
750.98123420       0.85228488
752.96332197      -0.25779920
754.91667584       0.42869775
756.86914151      -0.63361949
758.85167148       0.05323366
760.83710758      -0.04343953
762.78811847       0.20189500
764.74001653      -0.41994539
766.72500626      -0.18549057
768.70708968      -0.16813178
770.66043893      -0.51874023
772.61290081       0.84242017
774.59542602       0.78255060
776.58085438      -0.56419284
778.53186298       0.52461052
780.48375791       0.45499657
782.46874031       0.48847477
784.45081941      -0.50958990
786.40416404       0.48925921
788.35662213      -0.01756763
790.33914259      -0.29373718
792.32456322       0.08855886
794.27556953       0.87096978
796.22746133      -0.24638874
798.21243642       0.31073351
800.19451118      -0.16918312
802.14785120      -0.28950664
804.10030551       0.16610231
806.08282123       0.08377717
808.06823413      -0.01376960
810.01923815       0.24658396
811.97112683      -0.21884255
813.95609462       0.50703597
815.93816506       0.33665103
817.89150046       0.23162948
819.84395099      -0.22393538
821.82646198       0.27680499
823.81186717      -0.22297143
825.76286889      -0.22901792
827.71475446      -0.05943747
829.69971495       0.39274601
831.68178107       0.16622425
833.63511187      -0.29202996
835.58755862      -0.50653038
837.57006488      -0.02658729
839.55546236      -0.19359508
841.50646180      -0.71663275
843.45834426       0.88848068
845.44329745      -0.03424217
847.42535926       0.17506931
849.37868546      -0.49335169
851.33112845       0.05509674
853.31362997       0.03878275
855.29901976      -0.85557266
857.25001692       0.68767706
859.20189626      -0.80269585
861.18684218      -0.09991573
863.16889967       0.54421590
865.12222128      -0.48276648
867.07466050       0.50120312
869.05715731       0.70838489
871.04253940       0.04015653
872.99353428      -0.86270556
874.94541052      -0.04081485
876.93034916       0.31916159
878.91240235       0.13520632
880.86571937      -0.30999034
882.81815483      -0.47806215
884.80064692      -0.36188523
886.78602134       0.08631401
888.73701394       0.17694562
890.68888707      -0.62193030
892.67381845       0.03824948
894.65586734       0.54152542
896.60917978       0.01855756
898.56161148      -0.20350379
900.54409886       1.16944834
902.52946560       0.09518807
904.48045593      -0.34100403
906.43232596       0.32004338
908.41725008      -0.72140605
910.39929468      -0.51587517
912.35260254      -0.08666627
914.30503048       0.53906335
916.28751316       0.21451215
918.27287224       0.37438004
920.22386029       0.18778763
922.17572723      -0.83451252
924.16064410       0.13825215
926.14268441      -0.10009196
928.09598770      -0.58826548
930.04841189      -0.56175451
932.03088987       0.34179331
934.01624129      -0.15887173
935.96722707       0.71532764
937.91909092       0.17024642
939.90400055       0.22505356
941.88603658      -0.41070356
943.83933529       0.12374615
945.79175574      -0.28227420
947.77422902      -0.89417132
949.75957281      -0.23521168
951.71055632       0.45290660
953.66241707       0.20049530
955.64731947      -0.01751786
957.62935122       0.26409473
959.58264537      -0.09121835
961.53506208      -0.81060316
963.51753067      -0.10638830
965.50286682      -1.47839935
967.45384806       0.29007872
969.40570573       0.73460890
971.39060091      -0.30037763
973.37262838       0.02999255
975.32591797       0.42753738
977.27833094       0.96567363
979.26079485       0.34019934
981.24612337      -0.26042069
983.19710236       0.49768651
985.14895694       0.36919515
987.13384490      -0.12838634
989.11586810      -0.14723546
991.06915314       0.34149258
993.02156238      -0.45467809
995.00402161       0.17547248
996.98934251      -0.62251677
998.94031923      -0.55274819
