    Turn#  VBS        VBS_Error
    1.0    16.1624    4.0955
    2.0    23.2076    3.0585
    3.0    23.9502    3.1530
    4.0    17.4494    3.7049
    5.0    25.5812    2.5161
    6.0    17.4964    3.7115
    7.0    19.9401    2.1476
    8.0    23.0908    2.9037
    9.0    18.0120    2.6365
   10.0    18.7558    3.5859
   11.0    17.1107    3.2933
   12.0    22.5110    2.4626
   13.0    20.8360    1.9666
   14.0    21.7422    2.2986
   15.0    22.0159    3.2710
   16.0    18.9715    2.0751
   17.0    23.3290    3.0954
   18.0    24.1932    3.0054
   19.0    15.5540    4.0563
   20.0    19.2715    3.5778
   21.0    18.1944    3.3824
   22.0    22.0875    3.6332
   23.0    21.2476    2.9745
   24.0    20.3612    3.1890
   25.0    18.1538    3.3440
   26.0    17.3388    1.8091
   27.0    20.4164    3.1236
   28.0    20.5518    4.1080
   29.0    23.0822    4.1649
   30.0    20.5509    3.5679
   31.0    18.5221    2.8556
   32.0    15.6306    3.0436
   33.0    22.3175    2.3386
   34.0    19.4438    2.5474
   35.0    17.9790    3.5640
   36.0    20.1682    3.4622
   37.0    20.9919    3.5849
   38.0    14.3570    2.3612
   39.0    19.5703    3.2174
   40.0    22.8711    2.6002
   41.0    18.4876    2.8218
   42.0    21.7381    3.0665
   43.0    22.8143    2.5175
   44.0    21.0278    3.2420
   45.0    15.8900    3.1852
   46.0    24.3492    2.2514
   47.0    18.4073    2.3645
   48.0    22.8227    2.6522
   49.0    21.8784    1.9720
   50.0    15.4436    3.6233
   51.0    21.4833    3.1750
   52.0    22.4177    3.0422
   53.0    20.3498    2.4532
   54.0    20.0238    2.3123
   55.0    17.7733    2.7017
   56.0    20.3468    4.0018
   57.0    20.9438    3.2538
   58.0    21.3582    3.7523
   59.0    21.4510    3.0398
   60.0    18.9174    3.3733
   61.0    15.7912    3.0261
   62.0    22.3581    2.8575
   63.0    21.4420    3.1078
   64.0    21.4626    2.6916
   65.0    24.1782    3.2479
   66.0    20.3525    2.2559
   67.0    19.5171    2.0965
   68.0    19.2785    2.2318
   69.0    19.8401    3.0951
   70.0    18.7886    4.0206
   71.0    23.4222    3.8837
   72.0    21.4768    3.4875
   73.0    18.3569    3.0824
   74.0    17.1940    3.1499
   75.0    22.8554    2.3120
   76.0    19.4778    2.0837
   77.0    21.5157    3.7693
   78.0    22.8586    2.3590
   79.0    18.2274    2.9362
   80.0    19.0122    2.6703
   81.0    13.6887    3.3979
   82.0    19.4139    3.4334
   83.0    20.6613    1.1384
   84.0    19.2467    3.4913
   85.0    22.6129    2.8017
   86.0    21.3013    3.1487
   87.0    22.3047    4.2273
   88.0    17.7214    4.3125
   89.0    20.5362    2.5006
   90.0    17.9742    3.0736
   91.0    20.3451    3.2568
   92.0    22.0675    3.2260
   93.0    17.4387    2.5687
   94.0    18.1028    2.6310
   95.0    20.8879    3.2129
   96.0    19.4312    2.3757
   97.0    19.1854    3.3732
   98.0    19.6760    3.9002
   99.0    17.9540    3.1839
  100.0    22.8784    2.4623
  101.0    19.8598    2.2408
  102.0    17.6722    2.0954
  103.0    17.6631    3.2298
  104.0    19.3996    3.3644
  105.0    22.5693    3.2266
  106.0    21.9387    3.4719
  107.0    25.8933    3.4733
  108.0    16.2700    3.1849
  109.0    21.6685    3.5892
  110.0    22.0428    2.6926
  111.0    20.0692    3.2157
  112.0    20.5393    4.2681
  113.0    15.9887    3.5348
  114.0    22.9661    2.6309
  115.0    21.2391    2.9444
  116.0    17.4164    3.0629
  117.0    24.1703    2.7505
  118.0    21.5688    2.2992
  119.0    17.6959    2.2256
  120.0    16.4133    2.4109
  121.0    17.7509    2.7237
  122.0    15.8912    2.6832
  123.0    18.0627    2.5039
  124.0    19.2079    3.7324
  125.0    19.9880    3.2631
  126.0    23.9637    3.4279
  127.0    20.3235    3.6788
  128.0    25.5747    2.6769
  129.0    22.1209    2.4913
  130.0    16.8788    2.5766
  131.0    19.8157    1.7739
  132.0    16.0035    2.9643
  133.0    21.5014    3.4909
  134.0    21.0934    2.8876
  135.0    21.3250    4.5580
  136.0    24.9420    2.9629
  137.0    23.5361    2.6121
  138.0    20.8770    3.0903
  139.0    21.9082    2.2407
  140.0    21.5606    3.1054
  141.0    20.8219    2.3571
  142.0    19.0161    2.0349
  143.0    18.1653    2.3938
  144.0    19.1259    3.1058
  145.0    22.1199    2.3318
  146.0    20.7341    3.6791
  147.0    22.4033    2.0035
  148.0    21.8300    2.8945
  149.0    23.4535    3.5808
  150.0    19.1279    3.1684
  151.0    21.2771    1.4618
  152.0    18.4650    2.7528
  153.0    17.1381    1.6048
  154.0    22.1001    2.6164
  155.0    22.9304    2.4011
  156.0    22.3828    3.4397
  157.0    21.3997    2.3513
  158.0    19.5542    2.7063
  159.0    17.6003    2.7219
  160.0    15.9471    2.9016
  161.0    19.5064    2.4804
  162.0    21.5933    2.3446
  163.0    19.3795    3.3281
  164.0    20.5331    1.5016
  165.0    18.0690    2.7462
  166.0    18.6167    2.1544
  167.0    19.8922    2.8952
  168.0    23.1990    3.0701
  169.0    21.7637    2.9185
  170.0    15.4363    2.0792
  171.0    18.1215    2.7289
  172.0    21.4409    2.4785
  173.0    18.4280    3.1599
  174.0    18.5949    2.2322
  175.0    18.6149    2.5748
  176.0    21.7279    3.1387
  177.0    21.3648    2.7127
  178.0    25.2918    3.0682
  179.0    17.7004    2.1727
  180.0    20.2466    2.7458
  181.0    16.6203    2.7064
  182.0    15.9300    3.4265
  183.0    24.8593    3.4626
  184.0    19.1921    3.8498
  185.0    20.7276    1.6131
  186.0    19.6384    3.0492
  187.0    21.4055    2.8973
  188.0    22.9343    2.1698
  189.0    26.1480    3.8451
  190.0    19.3831    3.1800
  191.0    17.8183    2.4183
  192.0    20.1904    3.6160
  193.0    22.3146    4.3322
  194.0    19.1854    2.8606
  195.0    13.1642    2.8072
  196.0    20.3653    3.0236
  197.0    18.3809    2.1954
  198.0    18.9725    4.3753
  199.0    17.6774    3.0017
  200.0    17.1059    3.7278
  201.0    21.9661    3.1002
  202.0    19.8812    3.9243
  203.0    21.4444    2.9978
  204.0    20.3417    3.9619
  205.0    21.2371    3.1680
  206.0    21.4214    2.9384
  207.0    17.5319    3.2298
  208.0    15.9443    2.5662
  209.0    22.6449    2.5659
  210.0    20.6753    2.8655
  211.0    20.6936    3.2647
  212.0    18.7477    1.6721
  213.0    22.5529    2.6513
  214.0    20.7120    3.6060
  215.0    17.2940    3.7851
  216.0    21.8529    3.0765
  217.0    19.1030    3.7532
  218.0    21.1145    3.3327
  219.0    26.7322    3.3466
  220.0    22.9413    2.9683
  221.0    24.5057    2.9406
  222.0    17.5125    2.9896
  223.0    15.7099    3.7860
  224.0    17.0396    3.1760
  225.0    22.2859    3.3017
  226.0    20.9339    2.4597
  227.0    19.8624    3.5815
  228.0    18.0910    2.2277
  229.0    18.2533    3.5340
  230.0    19.3136    3.1393
  231.0    15.6379    2.5171
  232.0    18.2513    2.2088
  233.0    22.9349    3.6499
  234.0    16.0820    3.1562
  235.0    17.5861    2.8964
  236.0    20.1142    4.0685
  237.0    20.9261    2.5897
  238.0    22.0785    3.5475
  239.0    20.3458    4.4014
  240.0    19.5831    2.7131
  241.0    21.3655    2.1861
  242.0    18.9712    2.6625
  243.0    23.4162    3.4418
  244.0    21.5189    3.5749
  245.0    22.2485    3.0204
  246.0    16.4604    1.9495
  247.0    20.0945    4.0397
  248.0    22.0775    3.6548
  249.0    24.4845    2.6968
  250.0    18.4159    3.6887
  251.0    18.2074    4.3750
  252.0    22.2265    2.6029
  253.0    19.0662    3.3262
  254.0    21.7822    3.7303
  255.0    20.8499    2.3658
  256.0    20.2329    2.0399
  257.0    21.4405    3.3575
  258.0    20.3667    2.4214
  259.0    23.1829    3.6175
  260.0    18.2203    2.1661
  261.0    22.5106    3.3803
  262.0    20.0898    3.1596
  263.0    21.7429    2.7305
  264.0    23.8848    3.2167
  265.0    18.0838    2.6916
  266.0    23.7613    2.5938
  267.0    17.3488    3.7217
  268.0    20.7981    4.3772
  269.0    19.3302    3.3988
  270.0    19.9516    3.2702
  271.0    16.0256    3.1560
  272.0    21.9078    2.9964
  273.0    19.1008    3.0162
  274.0    14.7769    3.7762
  275.0    20.8554    3.3441
  276.0    21.6368    3.1793
  277.0    23.5459    2.3007
  278.0    19.8133    3.6776
  279.0    19.9636    3.4018
  280.0    15.9503    3.2180
  281.0    22.7085    1.5999
  282.0    19.4109    2.2168
  283.0    17.4245    3.3705
  284.0    22.7256    2.8691
  285.0    18.7019    4.1264
  286.0    19.7847    3.2379
  287.0    19.1302    3.3171
  288.0    16.9446    3.0135
  289.0    17.7857    2.8802
  290.0    21.7238    4.2246
  291.0    18.8699    3.3333
  292.0    18.8574    3.0559
  293.0    26.9565    3.1133
  294.0    18.5076    3.6264
  295.0    22.3120    2.0490
  296.0    18.3998    2.7200
  297.0    19.3658    3.0656
  298.0    18.5991    3.2709
  299.0    21.1769    2.4734
  300.0    20.9398    2.2988
  301.0    22.0622    2.8663
  302.0    21.8001    2.3791
  303.0    21.9547    2.8273
  304.0    19.8184    2.8302
  305.0    21.6781    4.1267
  306.0    22.2402    3.0184
  307.0    18.1311    3.0525
  308.0    17.5060    2.9454
  309.0    22.3552    2.9453
  310.0    22.9819    2.6886
  311.0    21.0939    3.2063
  312.0    16.4996    2.6738
  313.0    22.5123    2.2889
  314.0    19.6169    2.3911
  315.0    17.5512    2.4241
  316.0    22.0578    3.0041
  317.0    20.9353    2.6530
  318.0    19.6884    3.5231
  319.0    16.7813    2.5259
  320.0    22.5514    4.0590
  321.0    17.8420    3.2746
  322.0    16.8828    3.4111
  323.0    20.3328    2.3664
  324.0    21.2724    3.7903
  325.0    19.6060    2.4384
  326.0    17.2051    2.2238
  327.0    20.9961    3.2121
  328.0    18.0411    3.4713
  329.0    17.3360    3.9296
  330.0    14.6807    2.8289
  331.0    21.8833    3.0077
  332.0    20.1227    2.6822
  333.0    24.9131    2.7123
  334.0    21.7450    3.7570
  335.0    19.1506    3.9054
  336.0    21.1098    2.0701
  337.0    18.8218    2.9092
  338.0    21.5948    3.4454
  339.0    21.7427    2.0956
  340.0    16.1856    3.8409
  341.0    22.0586    3.2576
  342.0    23.8655    4.1543
  343.0    18.0693    3.0262
  344.0    21.0777    3.0752
  345.0    20.5070    3.1213
  346.0    22.7164    1.2820
  347.0    19.9853    2.8435
  348.0    18.8282    3.0900
  349.0    21.3355    2.8219
  350.0    20.0453    1.9688
  351.0    17.2143    2.7667
  352.0    19.5740    2.3331
  353.0    17.0484    3.3831
  354.0    20.3371    3.8606
  355.0    21.3643    2.2715
  356.0    14.4536    3.0870
  357.0    19.4321    3.3466
  358.0    22.2849    2.8749
  359.0    20.3720    2.5492
  360.0    23.0032    3.0324
  361.0    18.6685    2.7141
  362.0    24.5457    3.3175
  363.0    21.0511    3.2106
  364.0    21.1358    3.2952
  365.0    20.0159    4.0697
  366.0    19.4014    2.4729
  367.0    18.9681    3.7394
  368.0    21.9538    3.7325
  369.0    19.4646    3.0943
  370.0    15.4642    3.5910
  371.0    19.7313    3.0350
  372.0    22.5337    2.8291
  373.0    21.0771    2.5513
  374.0    18.6704    3.3385
  375.0    19.4706    2.0215
  376.0    18.6553    4.8184
  377.0    21.2321    3.1344
  378.0    18.9775    1.8628
  379.0    20.3390    1.0756
  380.0    17.6915    2.0905
  381.0    19.4668    3.6710
  382.0    21.2899    2.7227
  383.0    15.9337    2.6668
  384.0    17.0361    3.2684
  385.0    18.5359    3.8855
  386.0    19.7066    2.0507
  387.0    20.1981    3.4484
  388.0    18.7602    3.3861
  389.0    20.8483    3.2403
  390.0    19.1836    2.9202
  391.0    19.6643    2.9197
  392.0    16.3607    2.9886
  393.0    17.0239    3.0800
  394.0    17.0839    3.8517
  395.0    22.0524    2.6630
  396.0    25.1615    3.7121
  397.0    22.1335    1.7045
  398.0    16.8356    2.5611
  399.0    19.1808    2.1803
  400.0    21.6377    2.6733
  401.0    19.5866    2.6572
  402.0    19.7794    3.8576
  403.0    15.4238    2.3991
  404.0    18.8227    3.3467
  405.0    17.4423    2.6720
  406.0    21.7587    2.2325
  407.0    22.6190    3.2139
  408.0    21.4248    2.9907
  409.0    17.5064    2.0003
  410.0    20.3835    3.4472
  411.0    21.8105    2.9462
  412.0    24.1203    3.1156
  413.0    18.9925    3.0658
  414.0    18.4601    3.4297
  415.0    23.8919    3.6501
  416.0    20.6207    2.1495
  417.0    18.4083    3.2519
  418.0    19.8085    3.8640
  419.0    21.6521    2.1039
  420.0    21.5824    3.4179
  421.0    24.3768    3.0533
  422.0    20.6575    2.0154
  423.0    18.8492    2.0665
  424.0    19.6301    2.5128
  425.0    16.7798    2.9972
  426.0    17.8983    3.7924
  427.0    25.5685    3.0954
  428.0    20.7057    1.7760
  429.0    23.7435    2.6101
  430.0    20.9772    2.8742
  431.0    20.8589    2.9460
  432.0    20.3267    2.3350
  433.0    20.3317    2.0698
  434.0    19.7286    3.1141
  435.0    19.3039    3.2036
  436.0    22.2125    2.0038
  437.0    16.3616    2.6126
  438.0    21.0705    3.2161
  439.0    19.1116    3.3626
  440.0    25.1969    2.3256
  441.0    17.8848    1.8563
  442.0    20.3340    3.4967
  443.0    19.0712    3.6813
  444.0    19.4211    3.1523
  445.0    22.5347    3.3674
  446.0    20.7892    3.8915
  447.0    17.7149    2.7095
  448.0    20.7405    2.7768
  449.0    18.5904    3.4502
  450.0    18.7309    3.2469
  451.0    19.5416    2.7276
  452.0    21.1431    3.1819
  453.0    15.0657    2.7881
  454.0    17.3035    3.0699
  455.0    18.2063    2.9912
  456.0    23.1339    4.0636
  457.0    21.9964    2.0012
  458.0    23.6680    3.6719
  459.0    20.6336    4.5190
  460.0    18.8476    4.1211
  461.0    17.2338    2.7517
  462.0    17.0686    3.3516
  463.0    20.9099    2.5930
  464.0    16.4826    1.3140
  465.0    17.6159    2.1034
  466.0    21.6527    3.6734
  467.0    14.9946    1.9079
  468.0    18.8026    3.5921
  469.0    23.1330    3.9190
  470.0    19.0090    2.5890
  471.0    17.4156    3.3443
  472.0    21.9120    2.0437
  473.0    19.6504    2.6679
  474.0    21.5054    3.7149
  475.0    22.9988    3.3047
  476.0    18.9532    2.7015
  477.0    17.0642    3.7277
  478.0    17.7541    1.7829
  479.0    17.9325    3.9069
  480.0    20.6321    2.7708
  481.0    20.5107    3.2428
  482.0    21.0949    2.8873
  483.0    25.7111    3.6614
  484.0    13.8076    2.4054
  485.0    19.9188    3.3107
  486.0    19.2881    2.9713
  487.0    19.1877    2.1773
  488.0    25.3244    2.8774
  489.0    25.8116    2.4436
  490.0    19.3570    2.1820
  491.0    17.8610    3.5638
  492.0    21.8894    2.4528
  493.0    20.3774    2.7248
  494.0    22.0691    2.5192
  495.0    23.8894    2.0310
  496.0    20.7269    2.0544
  497.0    18.1859    2.3277
  498.0    23.8720    2.8984
  499.0    20.8146    2.0988
  500.0    17.5998    3.2172
  501.0    19.7422    3.4129
  502.0    22.8928    2.4254
  503.0    17.5737    3.2851
  504.0    19.6980    3.0081
  505.0    17.7861    2.4071
  506.0    21.1170    3.9751
  507.0    19.1337    3.6926
  508.0    23.4243    3.6700
  509.0    23.7910    3.2242
  510.0    15.9644    2.4851
  511.0    19.6136    2.0925
  512.0    18.6895    3.7967
  513.0    18.0488    3.1269
  514.0    20.7032    4.1533
  515.0    19.3704    3.4034
  516.0    16.9216    2.4518
  517.0    20.8164    3.3277
  518.0    18.8196    3.1717
  519.0    18.3182    3.3589
  520.0    18.2441    3.1571
  521.0    20.8810    3.8956
  522.0    17.2264    3.1336
  523.0    15.6840    3.0793
  524.0    21.9608    2.3330
  525.0    19.4871    3.7679
  526.0    24.1395    3.0013
  527.0    23.7146    2.9009
  528.0    17.8152    2.9351
  529.0    15.6435    2.4836
  530.0    18.4469    3.8615
  531.0    20.5564    4.2776
  532.0    21.1128    3.2210
  533.0    19.4407    2.4428
  534.0    20.4237    2.7649
  535.0    16.1069    3.3218
  536.0    19.5875    3.1637
  537.0    18.6990    3.4284
  538.0    18.5037    3.2224
  539.0    21.6705    2.9217
  540.0    17.6991    3.1492
  541.0    22.6930    1.6387
  542.0    20.2850    3.0882
  543.0    20.8749    2.7633
  544.0    20.8455    2.6537
  545.0    20.6382    3.7176
  546.0    19.7731    2.3255
  547.0    19.7416    3.2713
  548.0    19.3244    4.0383
  549.0    18.8971    2.7343
  550.0    24.0742    3.1867
  551.0    21.3383    3.8335
  552.0    18.3620    2.8839
  553.0    22.1737    2.5021
  554.0    20.5972    2.2729
  555.0    21.2733    4.3973
  556.0    19.5937    2.7486
  557.0    24.1527    2.4137
  558.0    19.0585    2.9795
  559.0    21.5175    2.3193
  560.0    17.5806    3.1903
  561.0    19.5271    1.9525
  562.0    15.6910    1.9174
  563.0    20.0495    3.2832
  564.0    21.6677    2.3363
  565.0    14.9729    3.3701
  566.0    19.7895    2.9889
  567.0    18.9848    2.8053
  568.0    24.7544    2.9038
  569.0    21.2770    1.6429
  570.0    16.2816    2.5114
  571.0    20.3670    3.2260
  572.0    26.2745    1.9017
  573.0    15.6796    2.8243
  574.0    17.8264    2.3509
  575.0    22.3822    2.7333
  576.0    21.1713    3.1272
  577.0    15.9984    3.4787
  578.0    19.3592    2.5862
  579.0    19.6170    3.2458
  580.0    22.7624    3.0638
  581.0    15.6883    3.5215
  582.0    18.6338    4.1533
  583.0    21.5251    3.4088
  584.0    19.1474    2.4730
  585.0    18.1752    2.1896
  586.0    17.9408    3.7387
  587.0    18.5044    2.9628
  588.0    23.8935    2.6883
  589.0    19.4964    3.4321
  590.0    20.4985    3.2891
  591.0    19.0541    2.8894
  592.0    24.0498    4.2634
  593.0    19.9141    2.5162
  594.0    19.7729    2.6391
  595.0    18.2036    1.7660
  596.0    16.1248    2.9816
  597.0    18.3823    3.8264
  598.0    15.3720    2.4196
  599.0    21.2569    3.2931
  600.0    18.8995    2.3729
  601.0    14.0719    2.7026
  602.0    21.1739    2.9244
  603.0    16.5770    3.5973
  604.0    21.8424    2.8810
  605.0    20.2055    3.0460
  606.0    20.4460    3.4824
  607.0    19.0992    3.9931
  608.0    17.1381    2.7988
  609.0    17.9978    2.5839
  610.0    15.8702    3.7286
  611.0    20.1907    2.9207
  612.0    20.2405    2.5558
  613.0    19.0751    3.5609
  614.0    19.8336    3.3194
  615.0    21.6384    3.6426
  616.0    18.6626    2.5342
  617.0    20.9486    2.4107
  618.0    22.9390    2.3292
  619.0    22.7290    4.0165
  620.0    16.7788    3.7388
  621.0    21.2975    3.0723
  622.0    19.4051    2.8839
  623.0    22.2073    2.5958
  624.0    18.4755    4.9314
  625.0    23.9787    3.6795
  626.0    22.3950    2.9841
  627.0    15.6511    2.8806
  628.0    21.9036    3.4197
  629.0    24.0111    3.7639
  630.0    21.1346    2.6552
  631.0    19.2933    3.3191
  632.0    18.8225    2.7220
  633.0    23.6359    2.9164
  634.0    16.0469    1.6295
  635.0    20.6130    2.7006
  636.0    19.0064    2.9127
  637.0    20.0931    2.3631
  638.0    19.9366    1.6277
  639.0    17.6653    2.7536
  640.0    20.6935    3.1736
  641.0    23.1669    4.0515
  642.0    21.1124    2.4834
  643.0    21.3331    3.7829
  644.0    22.8206    3.0640
  645.0    16.3610    2.1946
  646.0    19.0847    3.3254
  647.0    18.5265    2.0195
  648.0    23.3025    2.7171
  649.0    22.5009    3.2732
  650.0    16.7369    3.0345
  651.0    21.6847    2.5714
  652.0    18.2642    3.2002
  653.0    17.4054    2.5739
  654.0    23.3145    2.7851
  655.0    21.1366    2.6945
  656.0    16.1408    2.7010
  657.0    18.5962    3.1257
  658.0    18.7424    3.6315
  659.0    14.8605    3.2431
  660.0    18.6694    3.6029
  661.0    20.1706    4.0199
  662.0    18.9787    2.8016
  663.0    21.1881    3.6584
  664.0    16.9802    1.3437
  665.0    19.5240    3.1556
  666.0    23.8080    2.8371
  667.0    20.2295    3.4190
  668.0    18.4538    2.3663
  669.0    19.4252    1.8896
  670.0    21.2639    2.3523
  671.0    16.1110    3.0366
  672.0    21.1960    2.8534
  673.0    21.3273    3.4714
  674.0    21.7047    2.8700
  675.0    20.6634    2.6548
  676.0    23.7742    2.5500
  677.0    17.1186    2.6086
  678.0    18.2643    2.2009
  679.0    16.8076    4.0808
  680.0    20.1678    2.4226
  681.0    22.6678    2.4010
  682.0    23.8356    2.8177
  683.0    18.0784    3.8252
  684.0    18.6057    3.0056
  685.0    21.8179    3.1815
  686.0    18.4024    1.6836
  687.0    18.0447    3.4266
  688.0    22.6910    3.1535
  689.0    22.3178    3.2018
  690.0    23.6306    3.9370
  691.0    18.5417    3.0126
  692.0    21.5032    3.8021
  693.0    20.3691    2.6782
  694.0    19.9252    2.1669
  695.0    18.6695    2.4628
  696.0    20.4558    2.8474
  697.0    22.8642    3.1228
  698.0    17.1662    3.2745
  699.0    17.5120    3.1296
  700.0    26.1131    2.7265
  701.0    20.5042    3.7161
  702.0    17.4623    3.7840
  703.0    18.9979    3.5204
  704.0    18.6655    4.0817
  705.0    22.9830    2.5712
  706.0    24.5730    2.8254
  707.0    22.0165    3.1112
  708.0    19.9878    4.2694
  709.0    16.1535    2.0516
  710.0    22.0297    1.6478
  711.0    22.0541    3.8169
  712.0    16.2840    2.9797
  713.0    18.5031    3.5829
  714.0    18.4168    3.5024
  715.0    18.0892    3.6734
  716.0    20.9320    2.2588
  717.0    17.1223    3.0354
  718.0    15.0549    3.5723
  719.0    23.6911    3.4133
  720.0    17.1313    3.1503
  721.0    25.5943    3.7861
  722.0    21.3645    3.5463
  723.0    23.3585    3.1200
  724.0    19.7337    2.8314
  725.0    20.4038    2.8548
  726.0    18.0897    2.4190
  727.0    21.5197    2.6468
  728.0    17.6471    2.1429
  729.0    16.5661    3.4291
  730.0    19.0899    3.3869
  731.0    23.0385    2.8332
  732.0    21.8136    4.8100
  733.0    19.1616    3.2798
  734.0    19.2363    3.6981
  735.0    18.9994    2.7393
  736.0    21.6574    2.9864
  737.0    18.2884    1.6457
  738.0    16.4803    2.6621
  739.0    21.9708    3.4368
  740.0    21.3655    3.6424
  741.0    19.5016    3.2385
  742.0    19.8454    3.2808
  743.0    19.5363    3.6455
  744.0    16.0958    4.4762
  745.0    19.3244    2.2299
  746.0    17.1374    2.9742
  747.0    23.2545    2.4104
  748.0    21.0476    2.4839
  749.0    22.3867    2.6552
  750.0    18.0062    4.3603
  751.0    20.6987    3.8176
  752.0    22.3937    3.1314
  753.0    23.3835    2.9287
  754.0    21.3651    2.0289
  755.0    16.9451    3.4783
  756.0    19.1147    2.7436
  757.0    20.9606    1.3568
  758.0    19.0992    2.3251
  759.0    21.1808    3.0191
  760.0    16.1700    2.9379
  761.0    19.4355    3.3277
  762.0    18.4358    2.1566
  763.0    19.8111    3.3133
  764.0    20.9022    3.4129
  765.0    17.6581    2.4676
  766.0    18.3272    3.3858
  767.0    20.7091    3.2194
  768.0    22.5438    3.4235
  769.0    19.5646    3.1010
  770.0    25.5702    3.9010
  771.0    18.8787    1.8346
  772.0    19.0189    3.0839
  773.0    15.0059    3.8143
  774.0    23.5483    2.9927
  775.0    19.0196    3.4696
  776.0    21.8277    2.9199
  777.0    18.6092    3.1610
  778.0    24.6537    2.0906
  779.0    24.2951    1.8524
  780.0    17.9077    3.3590
  781.0    22.7738    2.4603
  782.0    19.5405    2.4899
  783.0    16.1470    3.7131
  784.0    18.7966    3.0191
  785.0    25.2826    3.2136
  786.0    19.9345    3.4502
  787.0    20.6008    2.2460
  788.0    21.8357    3.0053
  789.0    19.7775    3.4762
  790.0    20.4888    2.6575
  791.0    16.9815    3.4070
  792.0    21.9686    3.1270
  793.0    20.2293    2.9439
  794.0    19.7042    2.8687
  795.0    23.5840    3.7254
  796.0    19.0679    3.4623
  797.0    18.5506    2.5520
  798.0    19.6944    3.1295
  799.0    18.5863    2.1005
  800.0    22.0009    2.7212
  801.0    20.0574    3.3655
  802.0    20.2085    3.0142
  803.0    20.8937    3.3429
  804.0    18.5588    3.2200
  805.0    21.5168    3.2205
  806.0    16.1933    3.7171
  807.0    17.3992    4.2158
  808.0    18.3465    2.8628
  809.0    22.7233    2.1512
  810.0    21.1594    3.4598
  811.0    21.3449    2.5455
  812.0    21.1379    2.3878
  813.0    20.7470    2.6551
  814.0    20.4732    2.4901
  815.0    21.0328    2.6925
  816.0    17.8703    1.6210
  817.0    21.1764    4.0865
  818.0    18.6116    3.8993
  819.0    19.5383    2.4924
  820.0    20.2066    2.7448
  821.0    21.7360    2.4630
  822.0    20.3235    3.1799
  823.0    20.3181    3.1791
  824.0    18.9411    2.0757
  825.0    20.8452    2.4090
  826.0    22.7841    2.8075
  827.0    22.1568    4.0777
  828.0    19.1516    2.6239
  829.0    22.7793    3.1981
  830.0    20.0932    3.0889
  831.0    18.1525    3.6562
  832.0    18.8503    3.6938
  833.0    18.7846    3.9100
  834.0    20.7428    1.0608
  835.0    19.5435    3.7875
  836.0    19.2028    2.5934
  837.0    21.1221    3.9150
  838.0    21.8548    3.0708
  839.0    21.2880    3.3240
  840.0    19.5496    3.2485
  841.0    19.9677    3.4384
  842.0    21.5527    2.1078
  843.0    18.6327    2.2309
  844.0    20.2402    1.5764
  845.0    19.7049    3.6613
  846.0    21.0907    3.8822
  847.0    19.9635    2.6639
  848.0    15.4131    4.6472
  849.0    20.7269    3.6660
  850.0    21.3381    2.7579
  851.0    19.2009    1.4222
  852.0    17.4843    2.7349
  853.0    18.3470    3.4547
  854.0    21.1415    2.6836
  855.0    17.0384    3.4886
  856.0    19.7990    3.2089
  857.0    20.8651    2.9253
  858.0    21.7905    3.1425
  859.0    20.1166    2.3345
  860.0    20.0996    3.5730
  861.0    18.9781    3.2507
  862.0    21.5874    5.0816
  863.0    18.2039    2.8725
  864.0    18.9252    2.0419
  865.0    20.4592    3.2034
  866.0    19.0939    2.9719
  867.0    19.7440    2.8111
  868.0    17.8660    2.5504
  869.0    17.7074    3.4368
  870.0    19.9353    3.2050
  871.0    18.2474    1.6460
  872.0    20.1244    3.3913
  873.0    22.8589    1.8615
  874.0    20.7422    3.0991
  875.0    20.1154    2.9309
  876.0    24.8616    2.2763
  877.0    20.5035    3.2761
  878.0    15.0582    3.2743
  879.0    23.6451    2.8207
  880.0    19.2718    2.0899
  881.0    20.7576    3.6478
  882.0    16.8565    2.1554
  883.0    18.4989    3.0600
  884.0    22.8019    3.3513
  885.0    19.7944    2.4728
  886.0    20.1522    3.3368
  887.0    18.1955    3.1438
  888.0    20.6753    3.8291
  889.0    23.8903    1.8355
  890.0    22.7361    2.5941
  891.0    16.7190    2.6210
  892.0    18.8066    3.1953
  893.0    19.4606    2.1549
  894.0    19.1293    1.8079
  895.0    23.9558    2.5977
  896.0    21.7385    3.4171
  897.0    18.3640    2.0455
  898.0    16.1711    3.5044
  899.0    19.7008    3.6643
  900.0    18.8302    1.1704
  901.0    17.2872    3.4973
  902.0    20.5195    4.1692
  903.0    20.8663    1.8793
  904.0    26.2067    3.6706
  905.0    16.3501    3.1381
  906.0    19.8887    2.5264
  907.0    15.4659    2.4082
  908.0    20.6864    2.6526
  909.0    17.8572    3.0307
  910.0    26.5144    3.1535
  911.0    21.9233    2.6616
  912.0    16.1065    2.2956
  913.0    21.3557    3.0301
  914.0    19.8822    3.5381
  915.0    25.2029    3.6018
  916.0    19.1630    3.1882
  917.0    22.3528    3.0440
  918.0    23.6835    3.7725
  919.0    21.4979    2.0273
  920.0    17.0098    2.3694
  921.0    22.6191    2.9838
  922.0    24.7528    2.9248
  923.0    19.9737    2.8599
  924.0    23.2098    3.6586
  925.0    20.4665    2.6873
  926.0    19.0615    2.7731
  927.0    21.7031    3.6337
  928.0    24.1126    3.6489
  929.0    17.3051    3.6288
  930.0    20.3161    2.5568
  931.0    19.4979    2.9098
  932.0    20.0049    3.0886
  933.0    19.6612    2.7221
  934.0    23.0813    3.9044
  935.0    21.3628    3.0437
  936.0    23.5554    2.7695
  937.0    19.2466    3.0355
  938.0    22.4903    2.9363
  939.0    21.3731    2.9374
  940.0    20.5575    1.7637
  941.0    23.4918    3.6291
  942.0    17.3495    1.4532
  943.0    24.1421    3.0369
  944.0    22.3347    3.3706
  945.0    21.0341    3.7335
  946.0    21.1900    1.9344
  947.0    21.6992    2.7873
  948.0    20.4848    3.1372
  949.0    20.8580    2.6514
  950.0    18.5714    2.3286
  951.0    22.7426    3.0587
  952.0    21.1330    3.6468
  953.0    17.1099    2.2908
  954.0    19.5593    3.4316
  955.0    17.8277    2.5303
  956.0    21.3354    3.1964
  957.0    21.3928    3.4328
  958.0    22.6113    1.9145
  959.0    20.3617    3.2302
  960.0    15.7465    3.0583
  961.0    22.6686    2.0495
  962.0    20.1057    2.6400
  963.0    21.7674    2.2986
  964.0    17.1737    3.8092
  965.0    21.2056    3.8562
  966.0    22.1677    3.3846
  967.0    20.3003    2.1739
  968.0    19.9830    3.1289
  969.0    21.2666    2.4298
  970.0    20.2283    4.0738
  971.0    18.6214    3.0663
  972.0    20.4440    2.4265
  973.0    20.9053    3.1322
  974.0    14.0573    4.3849
  975.0    23.4382    3.7568
  976.0    22.1439    2.7861
  977.0    17.0021    2.7064
  978.0    21.2564    4.1942
  979.0    17.4949    4.1673
  980.0    17.3693    3.5023
  981.0    19.8183    1.7800
  982.0    26.2491    2.2459
  983.0    18.2315    2.7182
  984.0    19.0615    3.1330
  985.0    20.8232    4.3075
  986.0    23.5544    3.6020
  987.0    18.3565    3.6714
  988.0    19.5028    2.8196
  989.0    21.3647    2.2529
  990.0    13.9873    2.7415
  991.0    17.8916    3.5333
  992.0    19.3436    3.8997
  993.0    18.6880    3.3914
  994.0    21.2259    3.2451
  995.0    17.5768    3.0376
  996.0    19.6836    2.6393
  997.0    19.2371    2.6980
  998.0    19.2243    2.4615
  999.0    16.9499    2.5966
 1000.0    19.2771    3.6253
